0.15857917208475902 0.2628536960873835 0.20120409274985626 0.17086092961642693 0.20650210946157438 
0.48756848829308114 0.02149178146762487 0.06826801234401958 0.42267171789527436 0.0 
0.4363069902013634 0.1032333490563105 0.05298013098709431 0.3957927347626031 0.011686794992628518 
0.477177090529536 0.03140175021203983 0.15603755012523932 0.3331175034664293 0.0022661056667556702 
0.36222092623745406 0.18066978681118598 0.08519389015401244 0.31639248463549724 0.05552291216185036 
0.40091061749314655 0.107596451101411 0.2468248251054025 0.19769949922677654 0.046968607073263516 
0.39628312880628525 0.08226291879199252 0.2823175800212254 0.15987974967359098 0.07925662270690584 
0.4245907258341235 0.10240334721128616 0.08394287975646433 0.3608498811983245 0.028213165999801493 
0.43876301756939673 0.07287201217639004 0.14115125013225116 0.3230251125730176 0.024188607548944505 
0.46740375042634236 0.043080440123801106 0.08959206669310972 0.3900114284495233 0.00991231430722355 
0.45028649013371574 0.06909336180375114 0.11796428007062278 0.3501853582615776 0.012470509730332799 
0.1842028525872003 0.30399300548568514 0.09151850698642326 0.4170795728473228 0.0032060620933685234 
0.30653951953566394 0.026975479477231862 0.30408718626334424 0.31798364402686824 0.044414170696891804 
0.19099948049404813 0.06314320545275857 0.33542647024411726 0.23129251063370182 0.17913833317537428 
0.05822586510530537 0.02266510309144505 0.44196949190420637 0.05978897885094884 0.41735056104809437 
0.019256017925180786 0.027571113730886887 0.4533916482454627 0.0258205696480578 0.4739606504504119 
0.011731392154998438 0.07402912926004385 0.4118122772228595 0.014563107203956044 0.4878640941581422 
0.33414487050176805 0.048995738377663946 0.15337795335225302 0.31162508975270403 0.15185634801561085 
0.30874740690202135 0.06366459856340854 0.18659421191997844 0.270445128800875 0.17054865381371656 
0.40422432900159166 0.09395484230392868 0.07246904508940123 0.37909686931076403 0.050254914294314335 
0.4090909019635977 0.1214545334282004 0.06290908670881083 0.3763636614782497 0.03018181642114136 
0.34083899242756655 0.14929056255769438 0.3161628538211562 0.15144972330686932 0.042257867886713624 
0.31246768133366243 0.1585618156986314 0.2739265417281205 0.1720124067880875 0.08303155445149822 
0.38497791354866384 0.11458026580112796 0.11075110201826359 0.3322533142844451 0.057437404347499506 
0.4168891840417499 0.08611482232060463 0.10113484496214488 0.35480640920057294 0.0410547394749276 
0.466019415043322 0.03236245997975974 0.07079288113508407 0.4114077671004811 0.019417476741353093 
0.425849841042246 0.09787075667600224 0.06350392459497396 0.38625325234713953 0.026522225339638387 
0.14687601471830725 0.3333333485659561 0.12823029010753306 0.3788027420472062 0.012757604560997476 
0.30733545037312915 0.02406494593614214 0.30704553227225184 0.3082052738026329 0.053348797615844004 
0.0825082530507049 0.05577557084081931 0.3983498313919687 0.09669966601129273 0.36666667870521436 
0.22121267491859892 0.13981086815086424 0.17708139883976368 0.2204709822729617 0.24142407581781153 
0.205868212051718 0.049543053621075535 0.2664742523906833 0.19528619431409266 0.2828282876224305 
0.20625697987631225 0.06055865502931191 0.2417877145262846 0.20223463205482584 0.28916201851326534 
0.333333331849154 0.05046480638143684 0.16972111711111817 0.2953519228774898 0.15112882178080125 
0.3000603719517986 0.06963171265125466 0.19480781516000198 0.29543167353109495 0.1400684267058498 
0.38242650645345266 0.09443402354424221 0.10725453927322467 0.3467792379094582 0.0691056928196222 
0.37465899737375086 0.10851772760953 0.10821460936479876 0.35040921258046914 0.05819945307145113 
0.330518000908061 0.14836712664396537 0.3088401000372502 0.16216216209838458 0.05011261031233874 
0.298987143246865 0.1254382459356583 0.28554732902493113 0.19536424697797952 0.09466303481456595 
0.36968527833972886 0.11568193599282267 0.11816675185289531 0.3246824894079744 0.07178354440657858 
0.38042864111038605 0.0817822901020234 0.13451776727671708 0.3384094854585326 0.06486181605234102 
0.4251559325965576 0.034650033120602976 0.10464310598132938 0.38773388106546275 0.047817047236047155 
0.37124569456681517 0.07705563153455341 0.1506646962042575 0.3461349125157233 0.05489906517865052 
0.15129268601279544 0.3278008137986893 0.12639641796352086 0.37599747503561265 0.018512607189381684 
0.2987633517177557 0.027543561916255527 0.3080382233231894 0.3001686342790463 0.06548622876375304 
0.09409320303470751 0.08043930693914605 0.3698426834360961 0.10418522165373023 0.35143958493632005 
0.22665457333505268 0.14853430673379572 0.19688726661732966 0.22710788568323226 0.2008159676305897 
0.26691996321330247 0.08002849613518725 0.18356685228715802 0.2652576574765556 0.20422703088779653 
0.3081439902802166 0.07122797926064738 0.1707939833058185 0.27801888732844615 0.17181515982487147 
0.36270491828475115 0.06323185316397241 0.14314987921821537 0.3275761106382121 0.10333723869484894 
0.3987206804383851 0.09523809263769208 0.07107320678538738 0.3816631189382796 0.0533049012002558 
0.40464507818105255 0.11023879565651759 0.09519136229039564 0.35034347251180875 0.039581291360225555 
0.3359004657395556 0.15047392718050004 0.30746445945634254 0.15610190514843225 0.05005924247516944 
0.2980700374864616 0.16773886448798958 0.25875625088230864 0.17703122437749935 0.09840362276574091 
0.3743793399117511 0.11221450410038832 0.1442403094998636 0.29419067473659993 0.07497517175139708 
0.39718402872520236 0.09757694214516671 0.09037328004614396 0.3569089728790824 0.057956776204404516 
0.4431950454187945 0.04187669782764026 0.0666925190835317 0.4071345357913901 0.04110120187864338 
0.4151921772156301 0.10036608048736124 0.1205003040093436 0.33007932654238387 0.03386211174528114 
0.160944203594031 0.3154506256140696 0.13948497831347006 0.3592888003293561 0.024831392149073293 
0.3093369493612373 0.027334234769405306 0.310419479407359 0.29120432912126226 0.061705007340736244 
0.09480873972021828 0.10109290136208735 0.3431694131993971 0.13989070445652227 0.3210382412617751 
0.2631678572192648 0.1339522604702641 0.17241380052667246 0.23512693235394524 0.19533914942985348 
0.22745600475525118 0.08962610190787834 0.2247067404949269 0.22745600475525118 0.23075514808669245 
0.2877660693133282 0.10053730300911694 0.24705517258365653 0.24323207469615316 0.12140938039774507 
0.2880651243567168 0.07639009004461524 0.22518622131995814 0.25463364084917295 0.155724923429537 
0.3125711021975824 0.0782138772999908 0.16154720593168145 0.3017633696365443 0.1459044449342011 
0.3061510698773174 0.13684631816968937 0.27349228704303646 0.19735524247109285 0.08615508243886397 
0.3086598967721673 0.13086599265096074 0.31107885910010435 0.16400579961274278 0.08538945186402473 
0.29187421168567623 0.15877957940669354 0.20516811992707384 0.2373910373459486 0.10678705163460776 
0.3951944434968702 0.10780904488624894 0.10085361809540518 0.35535882932298085 0.040784064198494674 
0.3571739122526903 0.09456521336782363 0.16304347910812664 0.3045652209621517 0.08065217430920767 
0.39848749547253765 0.08435136856433109 0.12303664643696528 0.3583478764151456 0.03577661311102023 
0.19488675423743257 0.25947521111422917 0.18569186552781458 0.29333931147883197 0.06660685764169182 
0.2978482318755145 0.026330692029791963 0.3128539207601217 0.29020385171358704 0.07276330362098483 
0.2512859617840977 0.1426938396788992 0.3177748120327974 0.12249952725000059 0.1657458592542052 
0.2595526550226642 0.18390804787754764 0.2388940632093074 0.19711091162301467 0.12053432226746616 
0.33287100971314637 0.10454230314480388 0.24375867581255256 0.21151177744310246 0.10731623388639473 
0.28039107611709757 0.11971960094708171 0.2820512760603412 0.17801143823399554 0.13982660864148394 
0.350683884043793 0.09384497951551315 0.1897796287352312 0.27165654970845293 0.09403495799700967 
0.3338150207958082 0.10657514314514259 0.1739523157513328 0.3003974009129255 0.08526011939479086 
0.3478803036610973 0.10598503748587931 0.1762261005789579 0.2803408099131364 0.08956774836092904 
0.33605312033156165 0.1373814043769142 0.18311196585137185 0.25009487468883995 0.09335863475131237 
0.2999375159008265 0.14809413710971775 0.27869194333294645 0.18454488993819887 0.08873151371831045 
0.3541000958377312 0.11687966801535443 0.28966985422311264 0.16533546785527947 0.07401491406852231 
0.30476701985220306 0.14550972601698467 0.20835564771168283 0.2415640023687107 0.09980360405041871 
0.4042737448029327 0.1019347379689794 0.12792377420791648 0.32775050394400546 0.03811723907616607 
0.34003152827358946 0.10953506587118979 0.2005516141990003 0.26044129335908517 0.08944049829713534 
0.39279999453445263 0.10346667627877681 0.14266666521198215 0.30986666212426284 0.051200001850525576 
0.1975199360056998 0.256643031450709 0.20283437110642372 0.2745792779625675 0.06842338347460007 
0.3277666473785705 0.03629481247963013 0.28724114295846903 0.2845691401371129 0.06412825704621751 
0.25147118051829104 0.1429972629297332 0.31502549223618237 0.13789720752680018 0.15260885678899322 
0.2813157506053966 0.17077834077802467 0.25664562917304495 0.19219735890399042 0.09906292053954342 
0.3048780504095966 0.09349593804534928 0.21196282806900643 0.24061168752149692 0.1490514959545506 
0.33374613846427237 0.11222910015051028 0.2054179644583794 0.2594427107780844 0.08916408614875354 
0.26637302546025043 0.17273076067966373 0.12906931938393781 0.2598621253963916 0.17196476907975644 
0.2896854550527445 0.08205315839620211 0.2694464730274325 0.21543524581233806 0.14337966771128288 
0.25410597805718355 0.0796405250691967 0.23613263815894292 0.23225905664738944 0.1978618020672874 
0.24049781233818635 0.1086444663449075 0.22822065867304234 0.1964345815969352 0.22620248104692853 
0.19249610796391767 0.11781574133478144 0.2944198919393125 0.1353805724543036 0.2598876863076849 
0.277429118869521 0.07963643926281261 0.2785111605117038 0.25773642017360204 0.10668686118236052 
0.26066861353837695 0.12509628913994325 0.24957634589130748 0.216299487854139 0.1483592635762334 
0.30619545620670047 0.1034482787201694 0.18486192262608384 0.2888825281958838 0.11661181425116256 
0.2771101359517543 0.09741268585980219 0.2443093610556401 0.22960554449018064 0.1515622726426228 
0.3225998827665383 0.08228979975249037 0.16597097559705523 0.30948122177170656 0.11965812011220955 
0.2176801925260037 0.2101690086263607 0.22461359967156286 0.23472483062251517 0.11281236855355767 
0.2744429784803034 0.036435124925220864 0.2875491573209273 0.2692005194430621 0.13237221983048625 
0.24337009432178794 0.08378315287249706 0.20934052777592083 0.24290072697137505 0.2206054980584192 
0.21806203118641287 0.1476779677301251 0.2362204623266474 0.20167122306923743 0.19636831568757723 
0.12238805828205251 0.312134995813833 0.16080467194644155 0.17624918328130942 0.22842309067636338 
0.26517039503391715 0.10584649578527218 0.2353837627302919 0.2202826313284022 0.17331671512211655 
0.3231075847384533 0.06653386439954954 0.18067729072744648 0.30378485171902997 0.12589640841552074 
0.28220077347509104 0.13026050870814496 0.19602841947422397 0.23337584952960488 0.15813444881293515 
0.2737967920842804 0.07540106717476341 0.28217469756764524 0.26078430149307247 0.10784314168023844 
0.2072489590108623 0.18775994702557458 0.21033868249627893 0.21200238520622838 0.18265002626105567 
0.2831004198596514 0.0909090890306129 0.30672814373431734 0.19910675129283595 0.12015559608258242 
0.26560844591592414 0.14457673300124368 0.22685184908861333 0.21719577021110698 0.14576720178311195 
0.3647511389742077 0.09954315787951953 0.14426545903108795 0.3358980479293502 0.055542196185834634 
0.2511107197364169 0.15265683196228502 0.20721521913088703 0.208636917566415 0.1803803116039961 
0.377519143538459 0.08032926734964814 0.10786262048350395 0.3585012859112894 0.07578768271709961 
0.21635688466290243 0.20104087524025957 0.2215613406324976 0.2452044689707197 0.11583643049362068 
0.27055837460082144 0.04263959338428205 0.28527917873177033 0.266243663973517 0.13527918930960917 
0.2278481107377079 0.1575497300396006 0.24061934846232572 0.20174049597427765 0.17224231478608815 
0.13235294713133375 0.1251935043179215 0.2921826636217001 0.14551083392710298 0.3047600510019417 
0.19973289618502268 0.16931294585634094 0.25241133855664727 0.14764802374316865 0.23089479565882046 
0.07034990641292793 0.25782689057814817 0.20755064627651856 0.1064456676121286 0.3578268891202767 
0.24535724710184018 0.16906046600969474 0.2180038461277785 0.22111425871891544 0.14646418204177117 
0.33607246552567965 0.12410450928357676 0.16266328890582496 0.30994523548744285 0.06721450079747576 
0.2671828561586068 0.17151039574334923 0.20927025458029233 0.2207254986213356 0.13131099489641596 
0.3641672925206727 0.1119065559619194 0.19498869343950195 0.2364355715676116 0.09250188651029445 
0.2176478296544193 0.18486954170939732 0.21332109664599036 0.24190377086128653 0.14225776112890645 
0.2850283755198813 0.14797031700464255 0.29877782206614345 0.17197730409639556 0.09624618131293712 
0.2638726668904723 0.1788843482246435 0.2263434664450274 0.19582359105123648 0.1350759273886203 
0.2345235491979783 0.18525387722886336 0.21435195820910613 0.19754231517477133 0.16832830018928086 
0.2343600181508986 0.17936694127875327 0.21688159580916852 0.24395182413420446 0.12543962062697522 
0.39633027756687467 0.0929663618476104 0.11345565880430114 0.34311926130266956 0.05412844047854409 
0.18556037520600813 0.2574368890268873 0.19295706360071663 0.22704614841247908 0.13699952375390878 
0.28155088252802785 0.04397606089757399 0.29976580154868 0.2753057488233218 0.0994015062023962 
0.17761170307441554 0.23390045687710473 0.1294323464879241 0.19987279161346758 0.259182701947088 
0.12732291666956008 0.14517019246138246 0.2862925521422234 0.1510579579566829 0.29015638077015127 
0.2599524104447125 0.15003964976966128 0.2540840614018185 0.1760507574044765 0.15987312097933118 
0.22363181109347346 0.12759994466462918 0.2215666011559842 0.19678418741662143 0.23041745566929175 
0.25680216860726 0.1222764222293066 0.24563686543096583 0.2080216774388111 0.16726286629365641 
0.3064253400061177 0.05773755604736644 0.2117647045715108 0.29936651014301824 0.1247058892319868 
0.3159873047354806 0.09984728897249881 0.23223306849437295 0.2374016236319636 0.11453071416568408 
0.3059600483089474 0.06417203208954761 0.23416864599086318 0.29732474219139615 0.0983745314192457 
0.25740507857890393 0.1340564563946008 0.27311918671654584 0.19162842465911256 0.14379085365083685 
0.23611339138013582 0.10830738685454191 0.3091922031670441 0.13304932126704214 0.21333769733123611 
0.2554927596464124 0.16572504701253338 0.22745345773067427 0.20914416814481196 0.14218456746556796 
0.270451836559861 0.08207087973618715 0.23356606984929612 0.2351468846087702 0.17876432924588542 
0.23150357194073867 0.16348448621172987 0.23765376003804572 0.19460253089813861 0.172755650911347 
0.3015006867910152 0.07617098722603032 0.16984993439142546 0.28672122824961804 0.16575716334191096 
0.22299392091361184 0.19211212109413703 0.24110132843926416 0.215180441732874 0.128612187820113 
0.25978391428284714 0.04945978282258947 0.29483794155945464 0.253061226080599 0.14285713525450983 
0.23578171241541707 0.090490445520345 0.21252590893967577 0.24084735254181208 0.22035458058275012 
0.24003168044254264 0.10588856507233624 0.19593346467657863 0.2521785000209321 0.20596778978761038 
0.28024241439353625 0.08678788123725212 0.18278787719858575 0.2681212133640429 0.18206061380658298 
0.3128667042780097 0.1200709503152208 0.23304679070393744 0.22704325549525645 0.10697229920757553 
0.3194169272512545 0.14576846067834862 0.20209454390620207 0.19657515066198464 0.13614491750221028 
0.23896162106561858 0.2081207075823177 0.19037053184415711 0.18548923285491772 0.17705790665298887 
0.2813429670276168 0.1961325933213109 0.2651933762066495 0.14088397714557618 0.11644708629884655 
0.24624408207750953 0.17596213526287982 0.22484048254595773 0.20539207235190945 0.1475612277617436 
0.3063121823598137 0.07649649580890265 0.19621595362804758 0.28429293661346056 0.1366824315897755 
0.2916083875219399 0.13706294431221475 0.22125873302284185 0.244615384518996 0.1054545506240075 
0.3606374012349751 0.14006150558980293 0.09728823248001764 0.35364831085624127 0.04836454983896302 
0.24205995806602607 0.20584743701460534 0.2137132688949746 0.264618574256992 0.0737607617674019 
0.2653137843376589 0.09507703860545207 0.2946260764291574 0.20950770916288905 0.13547539146484258 
0.14177254035537265 0.2804462277962408 0.09048652089012683 0.14673070663475782 0.3405640043235018 
0.2186776480022174 0.14458450612613455 0.2444044352926518 0.16478003767602759 0.22755337290296865 
0.24632722732744838 0.170054345783494 0.2662507485758217 0.12899979643132803 0.18836788188190795 
0.08808959404302491 0.1643334069078149 0.2877450069856844 0.09347404490191014 0.36635794716156567 
0.289486986203574 0.15011371891625272 0.23755370208015308 0.22251706356258866 0.10032852923743157 
0.27996844965556694 0.19302050290843695 0.12223975201735436 0.265181397472652 0.13958989794598967 
0.28731264540059187 0.1281401726060854 0.2196537865640417 0.23274224674376567 0.13215114868551534 
0.33063364127957934 0.12958551341766159 0.11719866584087947 0.31157693740939113 0.11100524205248843 
0.21127381265635287 0.1968512604579931 0.20246614528816093 0.21083342206950123 0.17857535952799186 
0.3156012051028839 0.10405972553586908 0.26940425920589023 0.20049773076188893 0.11043707939346774 
0.29008681421032706 0.14009440751005567 0.26526572284069405 0.19278208172702094 0.11177097371190227 
0.2792711402351219 0.11889376391014488 0.19824244101993618 0.24399069142753707 0.15960196340725996 
0.28012047415531094 0.12337350127545013 0.24662651308599273 0.2271084336321279 0.12277107785111827 
0.3316702328808331 0.06343549518002466 0.18080304938856492 0.29436919674267364 0.12972202580790382 
0.23701964769347356 0.20123203273219717 0.2383396921303788 0.23232619715941083 0.0910824302845395 
0.259888034016967 0.08596713074971254 0.2530250924804631 0.2391186623396032 0.162001080413254 
0.2524061494327259 0.09287776865485238 0.1953801780660991 0.24783446154973657 0.21150144229658613 
0.25309780613859445 0.09992091161191417 0.19456893737180017 0.2549433186544531 0.197469026223238 
0.2981401760226802 0.12882740395899828 0.22011793968873006 0.2475618025533742 0.10535267777621732 
0.34072759121500784 0.14965986596372774 0.07305530880396281 0.33924874018958834 0.09730849382771324 
0.2977932675944974 0.12926828516106117 0.23391406272101925 0.22682926493922517 0.11219511958419699 
0.24097213027811082 0.18995759244174537 0.17551301527882215 0.21437579027339346 0.17918147172792812 
0.3043161937574578 0.1571290017648271 0.29607179047604 0.11008729434667307 0.13239571965500205 
0.25226941813883397 0.14961336182697454 0.23646755445656456 0.20822593512809642 0.15342373044953048 
0.303533725270265 0.08193720651647152 0.20470224176282828 0.28241587414745795 0.12741095230297714 
0.3210001182179872 0.1235004413415814 0.21290566926174803 0.2643010553364072 0.07829271584227628 
0.3756974685545752 0.13019218988387662 0.0867947887330658 0.3555486596562063 0.05176689317227611 
0.24662072178557579 0.19891334081229628 0.22528491286369892 0.2450304799658477 0.08415054457258118 
0.2527556152903466 0.09901179003130961 0.2882934175463446 0.21227669903194002 0.1476624781000591 
0.23281087971500197 0.11473354685428873 0.2148380308306513 0.20564262267041625 0.23197491992964173 
0.2217119032460077 0.1983298480447197 0.23820459500858923 0.1352818363391098 0.2064718173615737 
0.16740900472002612 0.14053141160167756 0.30379358398203904 0.12594071479434865 0.2623252849019086 
0.3212978736264549 0.12966577006495655 0.21993170457491978 0.24505976652730196 0.08404488520636681 
0.29959016881137096 0.140573771160464 0.12499999358284397 0.2770491823417507 0.15778688410357042 
0.2918724348109255 0.11460905284078106 0.23960904569058067 0.24084362224249756 0.1130658444152153 
0.3242784364610004 0.09451046994899043 0.1669496327466125 0.2925863062508026 0.121675154592594 
0.22106314507278213 0.1959826800141351 0.21507048045897995 0.19453999757620274 0.17334369687789994 
0.2921120966658135 0.10748338051566746 0.28272177340896754 0.185784456094532 0.1318982933150195 
0.28589660615754175 0.14103381420861819 0.2752074052410737 0.1837906939493391 0.11407148044342712 
0.28478318110216333 0.09643522067515806 0.24328277672624457 0.22878425987152326 0.14671456162491084 
0.2709982555864905 0.13148966077248586 0.22648298013681367 0.2242212513619306 0.14680785214227943 
0.29862046097575495 0.0847913916391531 0.21349259254411207 0.25168236402456234 0.1514131908164177 
0.24929561949674237 0.15214696741233946 0.2017356001994657 0.23160148390530336 0.16522032898614916 
0.18932120281415826 0.15950816793758368 0.18797371817580388 0.20633317378445648 0.2568637372879975 
0.23152612590744368 0.16520712438604981 0.18646068700995458 0.2218832992029519 0.1949227634936 
0.1967253258610581 0.21089930652415353 0.19525903994462201 0.19460737026277483 0.20250895740739153 
0.1759956949909041 0.17236276296203928 0.2431377780384534 0.1603875063320741 0.24811625767652903 
0.23484211189950968 0.20694736424730348 0.18357895563658413 0.19905263499999187 0.1755789332166109 
0.2759851003834549 0.1725100860613975 0.15932362628326427 0.23937323826204962 0.15280794900983372 
0.23518663739683038 0.18089271188205516 0.21343426591910877 0.20830070492270708 0.1621856798792987 
0.266121712881601 0.1678474057287054 0.1398728403911518 0.2688465058865378 0.157311535112004 
0.1737096020121159 0.22824974269933138 0.18833164355164753 0.1916946911429231 0.21801432059398201 
0.24849215615011255 0.17142473298582192 0.18442568748085983 0.22932582377958702 0.16633159960361868 
0.25062583062519617 0.16639670099595824 0.17626270461921772 0.24120159124020385 0.16551317251942396 
0.1869666461040039 0.21474009795233315 0.16757176674832466 0.2854926317511424 0.1452288574441958 
0.18254616294622783 0.2302663864875235 0.16522308010838926 0.22699788176203134 0.19496648869582814 
0.19947505671809618 0.22491419457247924 0.20573389355906893 0.29921260754697077 0.07066424760338501 
0.1504802511877637 0.27054429809214514 0.16115262080783097 0.28833154545213807 0.12949128446012198 
0.226204017133881 0.176336741064858 0.29332576438016306 0.1884717450674128 0.11566173235368522 
0.24004743761032607 0.1973572858392923 0.24665423310944296 0.20481110743802386 0.11112993600291475 
0.13054762116959417 0.2935374914817491 0.18089799970130918 0.28756814732775193 0.10744874031959574 
0.2517453327680662 0.1891929640550131 0.2299636887725146 0.17760401372235624 0.15149400068204982 
0.25397399306253815 0.1298771664448187 0.24620665516906898 0.24999999120997035 0.11994219411360388 
0.2513597800993999 0.09940979007242488 0.3023955664242144 0.1936118526159015 0.15322301078805944 
0.2686114395373081 0.040606769604757204 0.3173862324731851 0.2648774763768202 0.1085180820079293 
0.23472614683540574 0.06309305629880502 0.3301148709822257 0.21142000668781383 0.16064591919574964 
0.23945632683730125 0.03457925218457562 0.34759145047021917 0.22406555648697685 0.15430741402092718 
0.2817541171189583 0.08645262351415219 0.30289742021236155 0.22599842953167593 0.10289740962285192 
0.16151521484625586 0.21612828042973617 0.09109923013919374 0.16662793049300606 0.3646293440918081 
0.1631419877993796 0.20966768143219353 0.11560925777306663 0.1548841813280125 0.35669689166734775 
0.2659330535312935 0.07351367518219146 0.2177900109128299 0.26822557763509064 0.1745376827385944 
0.19135392929919245 0.14029969351221233 0.2824559103502518 0.14374751515346218 0.24214295168488123 
0.181550902692409 0.15741761493441042 0.21842460120767954 0.17750827221554757 0.2650986089499534 
0.18087035120515246 0.15582502515006597 0.25770626411428327 0.16772439273151096 0.23787396679898734 
0.23033159502320436 0.079973993301158 0.29486346761278504 0.21505201387076317 0.1797789301920894 
0.18979986632176246 0.07876049274585968 0.25995264721167866 0.18678717028861563 0.28469982343208355 
0.2903071529066814 0.11760487008069197 0.21465279729384273 0.2495518249028939 0.12788335481589003 
0.2802899560672901 0.14687607632788802 0.16448049475657428 0.2699344254972913 0.13841904735095614 
0.24658165138126967 0.17345214345014404 0.1591642255766135 0.24381626682720078 0.17698571276477207 
0.19575929639454628 0.21188592626904454 0.1857548120575667 0.18500820981154742 0.2215917554672951 
0.23297864070640087 0.18306081748825978 0.21256164513535908 0.20555411105130023 0.16584478561868002 
0.2522259638922975 0.16226590009865605 0.17331900243375908 0.24669942187498328 0.16548971170030405 
0.20249361234797844 0.2077512310097074 0.1647889505892759 0.2890190725448143 0.13594713350822388 
0.2044321287441981 0.21135734641798964 0.2156509612323424 0.2462603899983175 0.12229917360715217 
0.18452121030269278 0.2418014836668138 0.1849584587272553 0.3283777924122117 0.060341054891026334 
0.15228239493714252 0.26501569960248095 0.17723157144859314 0.27776750288885954 0.12770283112292374 
0.18038252298998383 0.2074047940015315 0.2435515016255801 0.23916477135593728 0.12949641002696738 
0.2522918297528036 0.18831168375754642 0.25954927595507016 0.19766997743873688 0.10217723309584284 
0.1474123098940386 0.26833456820231 0.20407160701809712 0.2788815351589421 0.10129997972661225 
0.2182967101240402 0.21872756190812953 0.2010627586032113 0.17147781391391248 0.19043515545070666 
0.20742306201724978 0.20660089035110826 0.20965468682713215 0.21482266301876746 0.1614986977857423 
0.2337802040242491 0.15520109869170828 0.2511008861764583 0.20011743147754385 0.15980037963004057 
0.23241017821097684 0.05089820344723782 0.33065119113931984 0.21818862604776906 0.16785180115469642 
0.2198881139916303 0.1568668821768365 0.2524015577671025 0.19613638321406426 0.1747070628503664 
0.24536464447461034 0.03667078730852209 0.3388957507733702 0.23877215473361812 0.14029666270987926 
0.28730335714057564 0.07262037404161711 0.3093913822801576 0.2235817565953598 0.10710312994228977 
0.3065734295767586 0.013706293051193483 0.33286713173218446 0.2965034954159135 0.05034965022394979 
0.2657604118368238 0.1320305802749935 0.23500425313338358 0.2474086633456738 0.1197960914091254 
0.2605355647362333 0.07440737423541222 0.2644864002027762 0.25834063288562975 0.14223002793994868 
0.20119019925058088 0.1334401438920733 0.27031357612874285 0.14957656260698723 0.24547951812161578 
0.19920402202925527 0.13385002484539552 0.21365729966369193 0.19197737696940542 0.26131127649225183 
0.1691101690318629 0.13935259614475995 0.2733343002621798 0.15052983818271398 0.2676730963784833 
0.1931772562063123 0.1048829402372688 0.2917725862040002 0.17993309645146446 0.2302341209009542 
0.1497427997327868 0.10059058939100828 0.31167841957321935 0.10497237668459981 0.33301581461838564 
0.04922279854449006 0.05995558871475989 0.4056254504891634 0.03849000837422024 0.44670615387736634 
0.33253807408398023 0.1154340201371186 0.17856487859109405 0.2828041938571694 0.09065883333063773 
0.32425352999436535 0.08067050699536547 0.15165008730979926 0.30434782595968896 0.1390780497407809 
0.29207682875431173 0.13157262564058256 0.2249699985193771 0.22869147497794223 0.12268907210778637 
0.2878006918413212 0.10695876958258217 0.19115119908328046 0.25150343539097203 0.16258590410184412 
0.24488772529381062 0.15669300994247592 0.2452640772952066 0.20888219736721197 0.14427299010129496 
0.2993427613698132 0.10316670214858449 0.32483569470136187 0.14319856252068278 0.12945627925955763 
0.27570885733144385 0.1506559397066281 0.23264917993376297 0.22683029847415012 0.11415572455401497 
0.30947184760962215 0.0781318197446254 0.18856394215488143 0.2821911840076576 0.14164120648321338 
0.3127962109580751 0.11737757330444214 0.19415481454130679 0.27345970700518824 0.10221169419098775 
0.3884325692982371 0.07563312601289275 0.09753593515122982 0.3740588750245139 0.06433949451312647 
0.24397199497781563 0.19380347521991947 0.2336012504842266 0.21428571413911177 0.11433756517892645 
0.2491544615252344 0.043291999513349416 0.3262683034702734 0.23246900468536338 0.14881623080577955 
0.20705473291882082 0.09585574463730105 0.33328060641236706 0.14315089854476432 0.22065801748674674 
0.18243883473994593 0.14318225232789966 0.21202352634867017 0.18243883473994593 0.27991655184353825 
0.292879455197333 0.098667975256159 0.23778984717981436 0.2238118772810756 0.1468508450856179 
0.2544868894854389 0.055913490467448035 0.20386561925964147 0.24850437124299146 0.23722962954448024 
0.37030371582081434 0.11023621768927104 0.1545556897508603 0.3097862694658292 0.05511810727322512 
0.30011890123321067 0.07752675168003999 0.17954815946470468 0.28204518538240836 0.16076100223963632 
0.2805234109864146 0.14080241529225196 0.2245052554541116 0.22537038976284296 0.12879852850437895 
0.28228571818312825 0.09352381261713517 0.22057143181643524 0.24799999092022573 0.15561904646307567 
0.24009574772497047 0.16074206744654496 0.24751645835092848 0.2033512920757015 0.1482944344018547 
0.29706529133897686 0.09243362212803358 0.3459772267430919 0.14054701712914222 0.12397684266075534 
0.276526281382543 0.15202959597125984 0.23354010475040882 0.22428991024418762 0.11361410765160089 
0.282513007455225 0.06702681218856872 0.21808722931511978 0.2587034911214467 0.17366945991963972 
0.29468055025649953 0.11877286724647898 0.20799325292681758 0.2579510208099377 0.12060230876026613 
0.3494882500650241 0.0734497337742661 0.13847080579660528 0.3329319736544531 0.1056592367096516 
0.24288147646618138 0.18544657638273576 0.23813580651962613 0.21075687895649423 0.12277926167496245 
0.24845715412276154 0.05028571520021985 0.3181714291984694 0.23885714129379815 0.14422856018475103 
0.21221273434188853 0.11477347853576794 0.3139855492242754 0.15285619760079724 0.20617204029727088 
0.15271967095934233 0.15543933859670772 0.23995815039317592 0.1541840997058678 0.2976987403449061 
0.32657800151617 0.08296390213116396 0.1918936082680807 0.27316866469833173 0.12539582338625369 
0.17895473181414748 0.08982734687207661 0.2580494562098608 0.1761549266837713 0.2970135384201439 
0.2857337025787239 0.14470108001951854 0.1869565293792985 0.258016295723289 0.12459239229916996 
0.2785242130398726 0.13414373561409118 0.1399018952487647 0.280230337237907 0.16719981885936464 
0.300859218251814 0.10693986183095593 0.22908129376875142 0.24600132347454212 0.1171183026739366 
0.3006034671948436 0.0795826056100768 0.25194869074808524 0.25194872072276264 0.11591651572423164 
0.26191109628122633 0.1135214204046929 0.2870641456601109 0.19523556603629028 0.1422677716176796 
0.30276278664170075 0.08321073054290702 0.3231976411134497 0.20418506083061827 0.08664378087132435 
0.26011143362690425 0.15146511909053736 0.22957078149773869 0.22647544812513012 0.1323772176596896 
0.3167981978650008 0.060074087506800655 0.256401999195775 0.24174584208335623 0.12497987334906743 
0.3043031180597982 0.11132325375303821 0.2032603854610272 0.2678807495118825 0.11323249321425397 
0.3021126910523064 0.06502347264185188 0.17347417176780802 0.3016431855496337 0.1577464789884 
0.2549999962323226 0.15384616136837462 0.25025641408836485 0.27025640104746085 0.07064102726347712 
0.25985821304800616 0.02791315923529849 0.31878599945570607 0.23571112272942532 0.15773150553156381 
0.23999999553802306 0.0849438222233296 0.22157303869084663 0.2395505631198758 0.21393258042792496 
0.25580751849296635 0.08158186081034234 0.1933075306785859 0.2522123825119904 0.21709070750611503 
0.27762398516839565 0.14959631614242141 0.19780854002780895 0.25074970153746057 0.12422145712391332 
0.29761336694026214 0.14248210614300072 0.11789975629437353 0.31575178602715953 0.12625298459520407 
0.258026414892757 0.14485129452766748 0.21904862547772386 0.23461828280369829 0.14345538229815338 
0.30507785388150965 0.08368314094551571 0.2224780022749072 0.2683818603196901 0.1203791425783773 
0.222901246211822 0.16757799963599732 0.2396268964343904 0.19470355176484483 0.17519030595294532 
0.21988988424903763 0.05557467281723523 0.38695801084711623 0.12164487781081447 0.21593255427579647 
0.2548891798345415 0.14439373823466944 0.2384832674333506 0.22338114507064885 0.13885266942678973 
0.32620940643730595 0.07223326226141236 0.1973161014247347 0.31842280424261754 0.08581842563392954 
0.30820584002911494 0.10333797645824776 0.22030598283688882 0.2588317063478238 0.10931849432792472 
0.340948174226373 0.06632276954398326 0.1613853983638271 0.33112258799085004 0.1002210698749665 
0.1668107216247453 0.25050417900458644 0.10731778080012215 0.16825122733597142 0.3071160912345747 
0.14528518303256574 0.23059322481282493 0.18941002819852895 0.21294329453917 0.22176826941691039 
0.2780638694529551 0.040937177350991054 0.3050978295087189 0.2716271816044185 0.10427394208291647 
0.1987129288448074 0.1050070721569162 0.33103121956826964 0.13404489132323089 0.2312038881067758 
0.08956601735110918 0.06432748208784438 0.38104033028083917 0.10710988019360229 0.3579562900866051 
0.23344412907059003 0.09307082654177788 0.20889798880169325 0.23114292651534887 0.23344412907059003 
0.2719441676774033 0.1517827974658534 0.20074147375377627 0.24686511098226377 0.1286664501207033 
0.33805258248669456 0.12366367946897917 0.1022825838017 0.33891939006238786 0.09708176418023838 
0.28603014017827577 0.09567839421941264 0.21045226777001128 0.24703516542830287 0.16080403240399743 
0.27534063440317713 0.14007976047907758 0.2635427181933335 0.2188434743301129 0.10219341259429872 
0.29066338593500957 0.16216215735681228 0.2953317037108942 0.1314496267378923 0.12039312625939168 
0.2628013662602068 0.17267509337393228 0.22456945578926218 0.20688863804120214 0.1330654465353966 
0.3619838567164387 0.0868491885107419 0.16113104968514544 0.320466786778925 0.06956911830874912 
0.26342098741468184 0.16507281810781396 0.1897413553095274 0.26678983520756594 0.1149750039604108 
0.4014392022417284 0.08815214887154094 0.15625803070499877 0.30043691793531246 0.05371370024641935 
0.24336539957606673 0.20848302640636693 0.20500636740730777 0.2094101345517854 0.13373507205847318 
0.25561678308818314 0.0788469677242786 0.2676981821630199 0.25307333996023756 0.14476472706428078 
0.23441341150445413 0.08715083632412518 0.21162011636594139 0.23553072884893234 0.23128490695654708 
0.1957812558831347 0.19687500111549525 0.23593750114164322 0.1425000026437192 0.22890623921600764 
0.22794364362571196 0.11003018851865105 0.2234149702268392 0.2262663557005851 0.21234484192821282 
0.3005921705245433 0.11135427172439057 0.19297116356154312 0.2709835166121865 0.12409887757733642 
0.34169852828198105 0.06514874346710228 0.2052517831629937 0.32025926246847797 0.06764168261944498 
0.25781165623812924 0.09900139807000866 0.26930095889852707 0.20551917514152196 0.16836681165181314 
0.3010164299093513 0.08522282530042077 0.2323690295067308 0.27584050937164273 0.10555120591185435 
0.21925031730535333 0.15453935318176246 0.2580768889224881 0.18579234646229514 0.18234109412810096 
0.27780734814647967 0.05286499873699556 0.32676956680474567 0.20879899913588412 0.133759087175895 
0.28026534556376514 0.1257600877288785 0.24405750030804077 0.21268656050936388 0.13723050588995167 
0.27858293914084187 0.05665349426991176 0.2538427616108579 0.2570633844916561 0.15385742048673243 
0.2748883669406159 0.09141055700970775 0.2450748663775271 0.23561859829521362 0.15300761137693558 
0.3291242966630164 0.06231551804539724 0.20777304619815176 0.31616922944055526 0.08461790965287935 
0.26835948048259484 0.12596464969901433 0.277943735383867 0.22591485947082016 0.10181727496370366 
0.2631827981200977 0.044218489672636294 0.2865925823010878 0.2572712125406917 0.14873491736548644 
0.1775184181045595 0.23141892145915055 0.13528870031403917 0.19394962135109894 0.2618243387711518 
0.16088923104499245 0.15159506858230848 0.2506907793189717 0.15385582294264766 0.2829690981110797 
0.23245943084348647 0.09862671689862113 0.20549312840582792 0.23745318393969372 0.2259675399123706 
0.2758789146032072 0.09790038753208513 0.18261718684119366 0.26147461370781194 0.1821288973157021 
0.29748481224767853 0.1412464380614135 0.2004708272139958 0.25089827680688814 0.10989964567002407 
0.3224995828454386 0.15195174813722095 0.21377114884340076 0.16853744636779103 0.14324007380614867 
0.2513629332423744 0.2075545173609748 0.20502336248338238 0.1625778922202851 0.17348129469298335 
0.28412200887043293 0.17090340663559275 0.2678920628388074 0.151349237096839 0.12573328455832783 
0.2685268453571812 0.15381538688416718 0.21922193405277735 0.22642263318528424 0.13201320052058998 
0.30724991467860685 0.059602652525801124 0.18943883196945258 0.3016730473826854 0.14203555344345403 
0.33605828865224596 0.11569220166155858 0.18055802685072547 0.29340678657758196 0.07428469625788803 
0.3612466059207177 0.13387533321173054 0.10867209038737576 0.3401084079932984 0.05609756248687748 
0.27631243730371113 0.14455998541999926 0.26375854675222865 0.23269086025751165 0.08267817026654921 
0.24837838054501302 0.10945946551118559 0.2925675580382631 0.1632432432620194 0.18635135264351899 
0.2289313492940468 0.11576890009579505 0.2089487494302337 0.21198957027530707 0.2343614309046173 
0.24770010013866037 0.10441582590184491 0.2168813184808029 0.21849126076960257 0.2125114947090893 
0.3281345551855912 0.13073394708855623 0.19342507194738345 0.2704893005962032 0.07721712518226585 
0.29082567887775 0.1634862380089515 0.1451376205427588 0.2574311974953383 0.1431192650752014 
0.2895336189794013 0.12684330530169816 0.23858051464971777 0.22071694287406127 0.12432561819512154 
0.2883188012090529 0.12536302261833965 0.1531139081232638 0.24459503477127265 0.18860923327807091 
0.26264726081465806 0.09032108861501278 0.20258720234905742 0.24555324332714484 0.19889120489412693 
0.32331450207482393 0.11640650846528605 0.25838592106252695 0.20757223863779137 0.09432082975957175 
0.2934847681046194 0.0738792580278577 0.21793185770412393 0.24997011347971748 0.1647340026836816 
0.29057240273701673 0.12334455525220152 0.21234567520271233 0.25252523962532264 0.1212121271827468 
0.20707070564332253 0.14227994789383663 0.24949495326479215 0.18860028373996718 0.21255410945808145 
0.17978476945636998 0.06414855646769178 0.3293943914260027 0.1557290565311753 0.27094322611876015 
0.27669080498525345 0.1471267812589978 0.27268525532831095 0.19981513836639012 0.10368202006104776 
0.25794420580986266 0.10696703463407342 0.22765924811806587 0.2398925792047994 0.16753693223319868 
0.24934633856269148 0.0884240544033411 0.2048966030607503 0.2362728736099145 0.22106013036330266 
0.2496742239213263 0.09460516169073517 0.20067761955438893 0.2496742239213263 0.2053687709122233 
0.3000423249926454 0.13006066147863402 0.19255183233119583 0.26957257109675686 0.10777261010076795 
0.3167475772440674 0.14053397657031633 0.11747573280295438 0.31165048340398704 0.11359222997867484 
0.30412500183346863 0.1320000029080548 0.21512498427396334 0.24850000948522952 0.10025000149928386 
0.30253823475226316 0.16254138766162537 0.18161752369805434 0.2156708230188044 0.1376320308692527 
0.2468456872344577 0.18974441826522262 0.2190229679659366 0.18683273811754847 0.1575541884168345 
0.2876975690766752 0.15356685125268577 0.2917556498525342 0.1332763709898221 0.13370355882828264 
0.2699019588129874 0.13647058894834135 0.23725490467365076 0.22284313234888897 0.13352941521613157 
0.32994045679506623 0.07931630598224176 0.17073171083319358 0.3178413663327632 0.10217016005673529 
0.32311248217144917 0.1204930597792543 0.19661017457633118 0.27195685571878514 0.08782742775418026 
0.3466804305802201 0.14879876240982828 0.11392405439098292 0.3306639183108059 0.059932834308162854 
0.2788310812063946 0.14682822704290072 0.2564504584360079 0.21625089284546592 0.10163934046923098 
0.23456420997536 0.12184183915824136 0.278217959742162 0.17984750323873622 0.1855284878855006 
0.22884210739253794 0.12084210678315886 0.20905263785283146 0.20673684058757372 0.23452630738389801 
0.23703703907944362 0.10848268007252937 0.2083632025565511 0.22413380837140756 0.2219832699200682 
0.3320765208847313 0.12679793697856537 0.2079318543467985 0.2580645138761471 0.07512917391375767 
0.26998995671748177 0.14737370168978275 0.15322850695059048 0.24757444278471263 0.18183339185743247 
0.2879507106761517 0.12382907789963585 0.26472476963001096 0.20916207307813867 0.11433336871606271 
0.30534825183130787 0.10525497932179502 0.18236940876911537 0.2577736240988912 0.1492537359788905 
0.22961795452902437 0.19308784245384117 0.22528554895930458 0.1937770637182284 0.15823159033960146 
0.26354680822541837 0.1350790675322711 0.26963961743052034 0.19147005165922928 0.14026445515256084 
0.3080337927237315 0.12229700845530954 0.242875560537455 0.2222540429815302 0.10453959530197375 
0.31368421433209703 0.08097166128863381 0.19174089289503973 0.2816194255851572 0.13198380589907224 
0.27402676592864506 0.1396999133260342 0.20934712033351394 0.23864558344056405 0.13828061697124266 
0.24703699190925868 0.09438811609379649 0.295016407907118 0.19505927280375757 0.1684992112860694 
0.18311722605069777 0.13892564099572585 0.2646202629126134 0.17412014207239732 0.2392167279685656 
0.23543797339304412 0.15462427551971816 0.1970875907911962 0.22587817248407333 0.18697198781196817 
0.240521051547017 0.13142591596614883 0.23005349693820953 0.23214700785997106 0.1658525276886535 
0.19074311859574297 0.2204671024662288 0.19057323902803452 0.18895964635701903 0.2092568935529746 
0.1757281491211651 0.16990291535965799 0.24424410878968855 0.15894591190612908 0.25117891482335936 
0.2809355857226071 0.14085979199314488 0.19560956834748738 0.24839931527259573 0.13419573866416495 
0.1783110184451496 0.22232532177024722 0.1707543381271484 0.21026117759631463 0.21834814406114017 
0.24015550448955492 0.19074492795254347 0.17682467940586324 0.23062453185294843 0.16165035629909 
0.26397848484893255 0.15985662640136522 0.14982078513807376 0.2607526985662842 0.16559140504534436 
0.18503150838703442 0.20516366209427195 0.19778699410809997 0.1894882540737574 0.2225295813368363 
0.21854949224695686 0.18070332603423736 0.21993016295836626 0.1966214501289249 0.18419556863151448 
0.2528824038222103 0.16325903166835068 0.17355880541921204 0.24289008190142097 0.16740967718880592 
0.16757536071576015 0.2363694802782491 0.18601667036157737 0.25048108033278826 0.159557408311625 
0.21425229097575715 0.21425230956445002 0.20848276966855273 0.26773740677188373 0.09527522301935636 
0.18660385955582195 0.22798032527579887 0.1988938930762604 0.31544448995179797 0.07107743214032089 
0.163189986060607 0.24005134365301722 0.19865212969200347 0.258825410691485 0.1392811299028875 
0.1792242556247968 0.2552385111402535 0.21266160994274289 0.26415515844569815 0.08872046484650878 
0.1643835560432903 0.26069546522824355 0.18503688541265054 0.2769230775722927 0.11296101574352307 
0.1874332037443828 0.2558238944030793 0.18230391786842648 0.3028424926385885 0.07159649134552305 
0.23891943885043337 0.14833387008641527 0.20527337954306238 0.22064055952337688 0.1868327519967122 
0.24328163793396182 0.13034213146352203 0.27216762844742964 0.20421452193011083 0.1499940802249757 
0.25034922265505255 0.11035231682287436 0.20658078199388633 0.24771068795781578 0.18500699057037115 
0.27021672903891275 0.13213623059399363 0.26563466342875747 0.21300308965928164 0.11900928727905455 
0.16773750161267814 0.21294171680136112 0.09316199630560913 0.17530978082834864 0.350849004452003 
0.16833863206854768 0.20528505365181368 0.09738194116277012 0.15732812124955445 0.37166625186731406 
0.2525842156446425 0.16016052860057284 0.21439863792679123 0.22582998663266038 0.1470266311953331 
0.2779645848258316 0.06769782536859514 0.25935887689889087 0.27348128943790806 0.12149742346877436 
0.21693500375077918 0.18163387061341102 0.21371495969663162 0.16946929133545224 0.2182468746037259 
0.17930313938814174 0.10935664210489933 0.2543390316854105 0.17434426322190574 0.28265692359964256 
0.19273805525845333 0.13667503344103415 0.2755195298979276 0.1564284132195654 0.23863896818301955 
0.23353177868936642 0.036489340839415976 0.3237948911611237 0.21547916077382387 0.19070482853627002 
0.1667974394010919 0.12819707739678762 0.28244155934829035 0.1445159179163873 0.2780480059374427 
0.045058136554554845 0.07013081161543783 0.3964389656301749 0.030159883890261512 0.45821220230957094 
0.30369753883151934 0.11591192498567313 0.1941559417605724 0.2653372086165683 0.12089738580566665 
0.2776856869892685 0.14472811169776012 0.1745689612723228 0.26193634559655216 0.14108089444409647 
0.24999999490639058 0.1721484688502715 0.16022932044625168 0.24245624830709764 0.17516596748998867 
0.19621849103563938 0.20126049297053297 0.18977591352907788 0.18459384902822387 0.22815125343652598 
0.25388231344656814 0.16711782186429203 0.1813648689723606 0.23436386858927993 0.1632711271274993 
0.24962830780619735 0.17707403200800237 0.1678560837407482 0.24130240875752362 0.16413916768752848 
0.16831859493721368 0.2281415832798487 0.19575220795275783 0.2670796418812527 0.14070797194892704 
0.19113611862407637 0.23723929756007922 0.1757683923120754 0.2682491703631681 0.12760702114060105 
0.18725986211053366 0.23073810577599518 0.19797775361378533 0.30091002150725926 0.08311425699242656 
0.17560103463055876 0.2452891459443576 0.19785575876284442 0.2556855087577163 0.12556855190452298 
0.14903846284931224 0.28289474986689117 0.1718117356697662 0.3178137510984873 0.07844130051554321 
0.1894344406175206 0.19316155162746873 0.1761464972633966 0.2882839199719098 0.15297359051970433 
0.24045307350034456 0.14498381973089897 0.20533980279318442 0.2265372211080507 0.1826860828675214 
0.25077921990229474 0.1250649359670252 0.27597401013847933 0.20987013740094645 0.1383116965912543 
0.23735119212052488 0.0749627982764527 0.3117559478480443 0.2198660768528642 0.15606398490211387 
0.2568030197799072 0.06325464479981723 0.23986303399348735 0.2569832408507394 0.18309606057604882 
0.2700613150587948 0.13063183247869625 0.26579577708315544 0.22100773957128694 0.11250333580806637 
0.3157029242493498 0.01836119358792669 0.3096738874556326 0.3096738874556326 0.04658810725145827 
0.26894653966386295 0.06970004623574577 0.22590929162474083 0.26923633172721656 0.16620779074843384 
0.21870388461930856 0.1602542350367707 0.22778346259015422 0.16604244062518841 0.22721597712857808 
0.18350868447831012 0.1641791026478146 0.19794470571899744 0.17739173374104988 0.27697577341382795 
0.21457258148143754 0.17716580017077413 0.2496844574077429 0.1873780901470618 0.17119907079298358 
0.2073003811846514 0.06752851363482232 0.3336882233616283 0.1831178665274494 0.20836501529144857 
0.11732214361014147 0.10936809753419686 0.31595226052524916 0.09633230126188617 0.36102519706852626 
0.06782549094323083 0.07736878011433475 0.3892297304826299 0.05146557608194236 0.4141104223778622 
0.3374269040493201 0.1068226143117941 0.17933723242355654 0.28460038624787753 0.09181286296745166 
0.2333381377038268 0.0885274242114934 0.23650496580833952 0.20238952245951752 0.23923994981682264 
0.25837544373806287 0.1519924800176945 0.24309392511547329 0.20136358222223127 0.14517456890653804 
0.2785887947332343 0.10016219826323622 0.20701541334385867 0.24959449546677567 0.1646390981928952 
0.24549185433010906 0.15321477602008243 0.24884965432064188 0.20805869922202364 0.1443850161071429 
0.2950460226875636 0.12494519984837997 0.319377469350765 0.1644015797148846 0.09622972839840702 
0.2922475063486555 0.13789992114490668 0.2176311241894038 0.24611373916375903 0.10610770915327498 
0.26298810719659843 0.06910017469475646 0.23650255508645807 0.23955856320440086 0.19185059981778607 
0.2879546524198774 0.11794939676195836 0.21573537531173198 0.2507907311517275 0.12756984435470467 
0.25829194042604053 0.07146290572763996 0.2656625547018211 0.21535010322379616 0.18923249592070232 
0.23643005389302707 0.18204593188446877 0.23455115130543905 0.20459289981466225 0.14237996310240283 
0.2283105030607209 0.047322539145637485 0.3231631394741237 0.22083852045888994 0.18036529786062802 
0.22597402130791688 0.12715466993851632 0.2950413232170473 0.17131050925832025 0.18051947627819928 
0.23501738968813005 0.19267744106312343 0.130087945960618 0.23829004908277218 0.2039271742053563 
0.2608801688602857 0.11678653798601168 0.25356577858329393 0.20407167376641566 0.16469584080399305 
0.24881355348999076 0.06305084788027616 0.2063276857034753 0.24542372619276426 0.23638418673349354 
0.36724024585940906 0.11065127881000451 0.16140274371775007 0.3023306462958753 0.058375085316961096 
0.23255420978220612 0.07317073193046761 0.26558265407170595 0.19952574530143077 0.22916665891418966 
0.25299601590445764 0.1622281293722773 0.2396804229846374 0.20084332767521287 0.1442521040634149 
0.2873680088515121 0.0814378559868541 0.21527212482704816 0.26116978265977153 0.15475222767481425 
0.2365710089224887 0.15979886797514328 0.24491048368031018 0.20701495635559378 0.1517046830664639 
0.2907053541045277 0.1182157754755461 0.32784002943969753 0.1590859108992289 0.10415293008099984 
0.29831443689384524 0.13579984529245834 0.21711014897771985 0.24626310800550755 0.10251246083046907 
0.2829897958449461 0.06780967476732143 0.22365631586882104 0.2544789106236895 0.17106530289522187 
0.2878940581720118 0.12005044572010161 0.21853720681583905 0.2480453993488655 0.12547288994318193 
0.2471986392139439 0.0707979645448339 0.28285229591338296 0.19983021075550444 0.19932088957233465 
0.23856280810359645 0.18076322294690259 0.23912073204801 0.2047534071894886 0.13679982971200239 
0.22698157936260335 0.06705364243467825 0.3072457960866135 0.21437149842433462 0.18434748369177026 
0.22963689745595864 0.1269627059248557 0.2946516286478731 0.1718596704659647 0.17688909750534795 
0.19868611154407234 0.19003364881585275 0.17224802780212495 0.20141004666837714 0.2376221651695729 
0.2951713276260134 0.07437695045679009 0.22001557987712575 0.25155762464002024 0.15887851740005055 
0.21431451595992868 0.08004032421781135 0.22560483759477507 0.20866935514250548 0.2713709670849793 
0.3741871033581701 0.09579789025637558 0.13881939793741072 0.32766384522529046 0.06353176322275302 
0.42107222309644 0.06105733365409989 0.07297096237149593 0.3983618759820116 0.0465376048959526 
0.29447958878600267 0.17996923506461107 0.1645872432980919 0.25055545787350764 0.11040847497778676 
0.35744681753473234 0.14109742239189998 0.15408733654189322 0.2653975453625399 0.08197087816893449 
0.2356876339856756 0.1802392859073733 0.23234271904765336 0.20082337075535783 0.15090699030393995 
0.30968702388638814 0.1695976275036588 0.3126676470733506 0.13174367572081283 0.07630402581578959 
0.27505132150002687 0.16601643164954874 0.1983572886011457 0.2322381974334756 0.12833676081580317 
0.3534863159947471 0.06840246748469929 0.158208298788149 0.32833186747676957 0.09157105025563514 
0.30789091694555143 0.13990640656558498 0.17072776934636452 0.2717443980502545 0.10973050909224451 
0.44089834785201487 0.06934593785000477 0.06028368895953556 0.40464932880524973 0.024822696533195174 
0.27370535287006265 0.17974466234157724 0.22937885504529987 0.2365514203143657 0.08061970942869436 
0.2558265633154991 0.09394760579176714 0.2829268300784061 0.20867208493338307 0.15862691588094474 
0.23374560761643612 0.16872799929909 0.25235448442514824 0.1859752687908838 0.15919663986844182 
0.23695150050937688 0.17613548856608535 0.19568898811997745 0.187220943490941 0.2040030793136192 
0.26132597847511924 0.16530385891848626 0.22154695885962933 0.20696132711548101 0.14486187663128408 
0.20688329371608613 0.07556239182031597 0.2447606308219833 0.20630647752008005 0.2664872061215345 
0.34008439005781654 0.1191561163915541 0.193417709657351 0.27054853472820406 0.07679324916507438 
0.3490153214357619 0.11296498791352588 0.12746170621801284 0.3077133465722143 0.10284463786048517 
0.2743016750004931 0.17675977536378995 0.20189944214100855 0.22469273717753244 0.12234637031717602 
0.21312065610125247 0.20292636064407488 0.1548332915022853 0.2194770930957763 0.209642598656611 
0.2661716193973559 0.1622112265660871 0.2514851532957806 0.1665016396144859 0.1536303611262905 
0.22961071464284538 0.18442884127776754 0.2276962453745039 0.20293553983141716 0.15532865887346597 
0.3081552866225738 0.17303640611104584 0.3135720804381449 0.12910020654746673 0.07613602028076868 
0.27612556393846366 0.16491118579419606 0.1985749713436853 0.23378770215524902 0.12660057676840603 
0.35593220564680894 0.06605823618484946 0.1621034332972618 0.3324641398187565 0.08344198505232343 
0.28517708910608125 0.14665210872289577 0.19177583166823323 0.2533964194634387 0.12299855103935091 
0.43431337085847316 0.0748046142241098 0.07517677168149521 0.3855601006456249 0.03014514259029689 
0.25086795715928195 0.20547768292889357 0.20753503568240883 0.22823710752749718 0.1078822167019185 
0.2619417061603583 0.0941541681467767 0.28539403200118907 0.20124158561915986 0.1572685080725161 
0.23520710418755297 0.17375968068385347 0.24499317212273292 0.1908283943626502 0.15521164864321046 
0.19454845582048097 0.1696869898266776 0.251460223934344 0.1337427020730756 0.250561628345422 
0.2389470652866899 0.17801047000503573 0.23545667415743254 0.17379289527542088 0.17379289527542088 
0.16373283090320193 0.13624307330870222 0.26404628590376583 0.13865445278010557 0.29732335710422453 
0.25293817420381537 0.14805824367485412 0.20043434029363363 0.22802760540847616 0.17054163641922088 
0.37661050413030067 0.11992071019310496 0.08391146115143565 0.35910142813417995 0.0604558963909788 
0.2333604829216927 0.1480765246782087 0.2531040209482194 0.18166089686317372 0.18379807458870537 
0.25080810823986543 0.12400822418785325 0.20966794317020168 0.25433441560954634 0.16118130879253337 
0.2745462884291964 0.15914379292317501 0.2584923364529232 0.18147975263763316 0.12633782955707215 
0.32085130079988516 0.16379309023951422 0.28367457270508434 0.16648706930819993 0.0651939669473164 
0.27899469416326744 0.16082545529303677 0.21547153520478818 0.22146644037532293 0.12324187496358464 
0.23583252605785107 0.136708872608078 0.20934761044660194 0.2428432164815133 0.17526777440595567 
0.258359565938486 0.1645358027675015 0.1889260381874898 0.23869000914278796 0.1494885839637348 
0.38670989858807836 0.11345217613599769 0.08816855359529539 0.35429498154650824 0.057374390134120365 
0.1984406090502422 0.2536309392966211 0.17535544984423457 0.17856597241575187 0.19400702939315007 
0.25386666210538805 0.12600000283146903 0.26866667044005466 0.2205333283291591 0.1309333362939292 
0.22300776310538367 0.1903639793124064 0.2203892791097883 0.20546390576799223 0.1607750727044294 
0.15647973752873362 0.11048098845126406 0.3152698935190992 0.13442554293706127 0.28334383756384185 
0.2359206072703637 0.16314346228086987 0.2659351282211603 0.1699209248250562 0.1650798774025499 
0.2298340864997141 0.108592078044085 0.31986199297440987 0.11812058617038537 0.22359125631140558 
0.2509175278007568 0.1759706412158809 0.19576974634312364 0.23710642741388077 0.14023565722635797 
0.30867709936396304 0.09799273495454078 0.21526790484421307 0.28955270326397775 0.08850955757330542 
0.26816703617990384 0.1898047709764274 0.21136115922850063 0.22532538969740754 0.10534164391776074 
0.21401196560652355 0.13061475071389228 0.22489650664265431 0.18212480541902534 0.24835197161790457 
0.20034627599663046 0.2708384891190953 0.16720257099847194 0.17684888145092684 0.18476378243487557 
0.23872906554559464 0.2146844140136235 0.2653499480219742 0.17561184247798242 0.10562472994082525 
0.2928997943773588 0.14302045459587626 0.1991616844988125 0.23993394072453839 0.12498412580341416 
0.3099940134241145 0.13225613077366277 0.13524834805780817 0.3449032626325355 0.07759824511187917 
0.2792867877040974 0.18513580343627 0.12797867382984515 0.24779203511620657 0.15980669991358099 
0.24535393127228716 0.25140948443246536 0.06974316344257196 0.41156817427043185 0.02192524658224366 
0.21141184706352578 0.23745427229411775 0.18390636541150784 0.1796635087657759 0.18756400646507276 
0.21316862499074196 0.17905711089511028 0.22121487380042945 0.20931550621898445 0.17724388409473382 
0.22158594280808605 0.20863936571965086 0.19432341772770834 0.19594174357374938 0.17950953017080545 
0.2212406732950808 0.09324695326572661 0.3812328321074868 0.04907734899134519 0.25520219234036057 
0.24235911573039864 0.1031518592788774 0.20678127776835453 0.24092646945401494 0.20678127776835453 
0.30374349253685673 0.13362817835968194 0.17927658192177479 0.26393933822064986 0.11941240896103661 
0.253315436356132 0.16014772479284667 0.20379385308878226 0.21823064413747276 0.1645123416247665 
0.24585972931165695 0.18350562691760958 0.21207067371061442 0.2055129571743322 0.15305101288578687 
0.34592291022078037 0.11233778519216273 0.25702111278082806 0.19775324782085993 0.0869649439853688 
0.21002184824887823 0.194078010075426 0.2155262243945339 0.20907278979049743 0.17130112749066437 
0.29896432874748874 0.14200229788631916 0.29712312828396 0.170080556942186 0.09182968814004613 
0.26869391731205217 0.16291125747648136 0.20927218860219785 0.22442671961213992 0.13469591699712868 
0.25196045969457886 0.08216842956426844 0.2219570301396927 0.2490623896113941 0.19485169099006583 
0.28403236829381123 0.16212902512958208 0.20505274739511517 0.2473632450153801 0.10142261416611145 
0.3078400580877805 0.17705604092815294 0.1428321927792401 0.31080846720496386 0.06146324099986259 
0.23642495989483997 0.20685778663539642 0.21652613558808975 0.21495222455013083 0.12523889333154292 
0.2336907950367976 0.1642091187081064 0.25469168422075306 0.1758266310237096 0.17158177101063338 
0.2207583542679346 0.19140959170134494 0.2308269168898393 0.21058268715631798 0.14642244998456308 
0.10113779739225627 0.13729456237188964 0.33982300546406674 0.05916561599921408 0.3625790187725734 
0.20357789563944856 0.17583785917022143 0.2584918594329972 0.15624999954854793 0.2058423862087849 
0.0949792993316369 0.13379917031259966 0.3071946104815755 0.10921325613815878 0.35481366373602924 
0.28403362128852927 0.08523408975426573 0.18391356598961678 0.26194478524643544 0.18487393772115285 
0.2500794713856226 0.17950618419318165 0.20854085209980638 0.20387836303964513 0.15799512928174428 
0.2995439425040676 0.18034826666684078 0.11111110707829723 0.26015755322162126 0.1488391305291731 
0.2008739637545106 0.20128363477314837 0.20920386516597955 0.2285948352444191 0.1600437010619423 
0.25698047697182946 0.2105263217848787 0.2824314102219448 0.14035088740333893 0.10971090361800803 
0.2749060583714129 0.1636031382608282 0.2016857915305197 0.23712805644925783 0.12267695538798139 
0.2514628831897865 0.23514013143760495 0.12242069564988703 0.2546966417834491 0.1362796479392725 
0.32904476641494423 0.1457525520594413 0.16989778023831723 0.2629538251022944 0.09235107618500295 
0.3301820000836526 0.13306545977378856 0.1139210571122878 0.30891042591798323 0.1139210571122878 
0.22757862470308718 0.22812800909024866 0.19722565714416218 0.22208487906739302 0.12498282999510898 
0.23003940196770425 0.12538315819071982 0.26375711598683965 0.19602978093055742 0.18479054292417896 
0.21975980379450047 0.2068916093265016 0.22233342223469063 0.18673148458162522 0.16428368006268199 
0.17425775612153585 0.13529015492303453 0.3221997379135494 0.08738191759572414 0.2808704334461561 
0.23160505362091174 0.1918034693894209 0.23467580158214116 0.17704027103361766 0.16487540437390852 
0.15369887191381712 0.14064403351729615 0.28215840620524263 0.15683203229897844 0.2666666560646657 
0.2891752633131471 0.19158074536780817 0.16271477835186898 0.26065292425310677 0.095876288714069 
0.2723577143305959 0.08360433785002477 0.2104335913870711 0.26219513832354324 0.17140921810876503 
0.21293056515290182 0.12212193882474923 0.19727389938380724 0.19524773669567655 0.2724258599428652 
0.22739565447173007 0.16213991435630926 0.201998819522076 0.18859494375401017 0.2198706678958745 
0.2739205624906128 0.10518134137390404 0.2910190036602541 0.15889463686671645 0.17098445560851255 
0.2716069112776209 0.0981114003088375 0.16757362817228996 0.2504801563564502 0.21222790388480148 
0.20658805116379864 0.14680765512907612 0.21594144756104022 0.15860105252077375 0.27206179362531135 
0.19365859691089882 0.16345496750130525 0.21197212200308888 0.24067241425306776 0.19024189933163924 
0.1439961258907443 0.10219860323797059 0.28750904567853686 0.1613916383017424 0.30490458689100586 
0.22005256504631437 0.22324446879433144 0.17555388096045071 0.3036049604405738 0.07754412475832992 
0.23735775833592432 0.13985685205922282 0.25706909794836585 0.24474948971042593 0.12096680194606105 
0.15943728538043878 0.27104338394574373 0.18429074518544145 0.28487688827794466 0.10035169721043133 
0.20905808089267588 0.14555300950802086 0.3173613440490514 0.15178863930595696 0.1762389262442949 
0.24028155769016607 0.16557350841229032 0.24588065659457237 0.1724524051660766 0.1758118721368945 
0.2348316414185757 0.18253291175907307 0.23842077611677065 0.17210732516570376 0.17210734553987678 
0.13048958385761608 0.13154024876444803 0.3162429010557761 0.16411010939933623 0.2576171569228234 
0.18188823869483836 0.24643546348156475 0.15240848204203317 0.16146435695235534 0.25780345882920835 
0.2831112790444524 0.142437297014887 0.29545455565208323 0.207288400939531 0.07170846734904636 
0.2532663254107934 0.13079684566491212 0.26044508658429566 0.24278535566297962 0.1127063866770193 
0.17949563277078118 0.081918575169631 0.31844405135509046 0.16268336999892902 0.2574583707055683 
0.12081513395171586 0.1062590926113714 0.339155754056883 0.12421154311579201 0.3095584762642377 
0.28616580721687046 0.0393873096353666 0.31874544872549837 0.26209579043598846 0.09360564398627612 
0.179546860278703 0.1823401574189264 0.17939168840935504 0.1871508368548261 0.2715704570381893 
0.21538012430202658 0.09893477315789465 0.25040128489510055 0.20005836436815694 0.23522545327682126 
0.1894036930418228 0.1840411800997979 0.13470614030146333 0.20205920875415942 0.2897897778027566 
0.22443439433210416 0.1343891460421807 0.2162895770424323 0.2162895950227171 0.2085972875605657 
0.18589590303309578 0.17378267834459135 0.19345166722292192 0.18601582717436127 0.2608539242250298 
0.1987386479938625 0.1832025841177235 0.21150592438377994 0.16197507891818116 0.24457776458645283 
0.27534213564784576 0.046624911480688494 0.3003943372995255 0.2574808729181126 0.12015774265382752 
0.159069762124507 0.12961241530891987 0.2677519337158698 0.12217054866843116 0.3213953401822722 
0.25915493274887585 0.14605632981130276 0.23774648933989354 0.21661971565098034 0.14042253244894753 
0.31098192917650286 0.09860909685156602 0.15590616944861327 0.2800498277733665 0.1544529767499514 
0.27600849433712443 0.11252653905003196 0.2143194174016654 0.23236612592979158 0.16477942328138662 
0.25686002516813755 0.17419241794393134 0.13997916466369834 0.2625911806371218 0.16637721158711094 
0.2591022102255888 0.18672320492341918 0.22123116628943806 0.18145927536353693 0.15148414319801706 
0.22826000736114382 0.17968564520551422 0.20954110801727807 0.2055129997332411 0.17700023968282289 
0.25120174142055113 0.16777795620369018 0.167467834593686 0.24841059147573416 0.1651418763063385 
0.1826518913843506 0.24073366903747467 0.16889567669198938 0.29270156337135195 0.11501719951483347 
0.20258879911684782 0.23269115448647787 0.1756471944700845 0.28025286233427105 0.10881998959231876 
0.1791720573680219 0.23868047223159833 0.18413109193998659 0.3339801532725863 0.06403622518780686 
0.1808954243377976 0.2434293946858102 0.19775240032119626 0.27496827946410174 0.10295450119109414 
0.1739054163697329 0.2087565757793962 0.26339754200253923 0.20963223168715314 0.14430823416117847 
0.18212182556421103 0.201845095167485 0.17257833186869856 0.292985520635586 0.1504692267640194 
0.241124269111603 0.13775888076344014 0.20303253622301992 0.23224851140118452 0.18583580250075243 
0.2306366638983693 0.1503824101607714 0.25368952898303365 0.20198211799893268 0.16330927895889302 
0.23632477995736395 0.0309829055081536 0.3448717927315184 0.2356837753008189 0.15213674650214506 
0.2568578455441582 0.06251038988823202 0.25502909778748334 0.2586866131195009 0.1669160536606256 
0.28578929327162383 0.06370318623514905 0.31081554559478775 0.2341616988657952 0.10553027603264409 
0.3098707737673489 0.018146824690659518 0.3208688387532644 0.2980478473521259 0.05306571543660132 
0.26499285096048514 0.1310003863922458 0.21555872727944975 0.23832444458117516 0.15012359078664408 
0.2903055889862373 0.0410958915738182 0.2903055889862373 0.28793465564647186 0.09035827480723534 
0.22123518887756252 0.1634940705698871 0.24471235961606438 0.17248307647558478 0.1980753044609012 
0.18269230703036776 0.15721153634747453 0.21802884899257285 0.1804086610966967 0.2616586465328882 
0.20152860422006394 0.1602787466983119 0.26683151173873454 0.17118129839963062 0.20017983894325894 
0.2322931208658003 0.06153576464417599 0.31767180158901803 0.21879383900752028 0.16970547389348534 
0.12748381434168657 0.09533378175008479 0.3232864460691486 0.11297164676000812 0.34092431107907195 
0.055975273514628714 0.08722527922145785 0.38633240652295814 0.0415521935640032 0.42891484717695216 
0.26778642694012106 0.13368837903174904 0.24129455093361218 0.21999180343284983 0.13723883966166786 
0.30003574432994334 0.0882773357318096 0.17780557797095994 0.2648320228395177 0.16904931912776944 
0.27167345139504345 0.14169441021343232 0.23924035019133105 0.20754717278876544 0.13984461541142765 
0.2597356984133908 0.16193831038541226 0.14766519857371033 0.2606167338216888 0.17004405880579784 
0.17936726029122008 0.2136175963360586 0.18101789074935135 0.1920220063506228 0.2339752462727473 
0.22858079462056158 0.1831597984252054 0.21365909924955137 0.20431253206808733 0.17028777563659442 
0.2573517456116524 0.16555646805345306 0.16149471416846506 0.24890334168963904 0.16669373047679037 
0.14971280286590544 0.240689261042416 0.17027978511086045 0.2818232476203919 0.15749490336042626 
0.22216495230145497 0.21804123252863364 0.20360824404780317 0.27560137759643955 0.0805841935256687 
0.18435754642736982 0.23132630110838928 0.19594455090085078 0.31284914872558933 0.07552245283780067 
0.13416387356676165 0.3016291462404144 0.15428845189081064 0.309056050495272 0.10086247780674132 
0.19287833348834876 0.17574858242971875 0.2837874278119313 0.1903156231820206 0.15727003308798046 
0.1800735718102306 0.2018231185567424 0.17383656018258295 0.2901007512028255 0.1541659982476185 
0.23438626521178552 0.15289197350404934 0.2101543340435262 0.21722198493288694 0.18534544230775188 
0.2523299574156287 0.09931840551623587 0.2983725027037578 0.2096258195159336 0.14035331484844407 
0.23415390359648303 0.06202752784122424 0.31847258398419087 0.22814498348758266 0.15720100109051918 
0.26158707765245837 0.06285112163258852 0.2394662833927286 0.2598314613858159 0.17626405593640856 
0.28426125188272644 0.06780870941676767 0.3038900695281272 0.23804425320998218 0.10599571596239667 
0.14109406988414996 0.18579050525369298 0.09272848950424861 0.13709140328831518 0.4432955320695934 
0.21560245618019866 0.11394603332229665 0.22695698978765838 0.19609939590763617 0.2473951248022101 
0.26495727318323953 0.12602952642995052 0.2382284386908921 0.23776223496585627 0.13302252673006174 
0.26416798593293833 0.07586362430856286 0.2693610323611098 0.26010386147108144 0.13050349592630756 
0.2478048764707289 0.10439024008043746 0.1789268308373734 0.24878048529268942 0.22009756731877078 
0.22500925111552705 0.18835616726511742 0.2238059919749254 0.20696038607412426 0.15586820357030587 
0.19120545502529293 0.07369219161134997 0.3184230282525659 0.18483700354610916 0.23184232156468187 
0.18139117650352643 0.08007157195902478 0.2762245665070368 0.17110264953756263 0.2912100354928493 
0.2954431731051266 0.1155483235130852 0.20943916122461087 0.25788681414284154 0.12168252801433595 
0.27316347478230163 0.14907346794894105 0.17124420652697386 0.25761084386692845 0.148908006874855 
0.24029919940638744 0.185133237930711 0.14726507950902684 0.24933770464852392 0.17796477850535095 
0.1913891149098009 0.204224207853184 0.19057676799064546 0.17774167504726235 0.2360682341991073 
0.20460147864817138 0.17241851261732624 0.20597096517496757 0.20843604418831416 0.20857299937122067 
0.27735533948968716 0.12424281474886265 0.24745456466703317 0.19693259549717285 0.1540146855972442 
0.2457184265439555 0.1661828716953301 0.17692307492567752 0.2383164121234967 0.1728592147115402 
0.17911729590224496 0.21741369529576993 0.17963249786430083 0.28507642227718777 0.13876008866049655 
0.19494585070094675 0.22202165750364203 0.17082377005506807 0.22710863141603438 0.18510009032430877 
0.18096513938213174 0.2464253949555703 0.19057194070426517 0.32104556349390084 0.0609919614641321 
0.17491049291312544 0.23325818418046526 0.19241479871251196 0.25089510458457454 0.1485214196093229 
0.1493049062720561 0.21957722806928423 0.24890496111285612 0.2270043687122172 0.15520853583358646 
0.19627907338917347 0.20217054421939418 0.2407751873780157 0.21333333883752184 0.1474418561758949 
0.1472293108108854 0.25852076167189186 0.2179457523938362 0.2619985884168274 0.11430558670655916 
0.22601661346136562 0.20175242201056948 0.2139968572873654 0.19815771706134608 0.16007639017935335 
0.22297297237682986 0.17891329311288787 0.22409910077695108 0.20087273818319784 0.17314189555013332 
0.2337147879075615 0.13501320724513483 0.27134683141520116 0.19575263645385144 0.16417253697825113 
0.23048907676044114 0.15036420959733604 0.21654526181359296 0.22674297759277187 0.17585847423585801 
0.22936437316645983 0.027394806964673887 0.3566696480489312 0.21289167720866142 0.17367949461127366 
0.2633663318973805 0.1390797870797856 0.25556203259793314 0.21397786279701098 0.12801398562788988 
0.15427509525242125 0.23234200903968164 0.14101609743716864 0.1763320931487654 0.2960347051219631 
0.15772282293263837 0.21745217056481891 0.09426038325085839 0.14909005104464548 0.3814745722070388 
0.23200798584084742 0.1762550027060822 0.21346068044305325 0.2164593554644592 0.16181697554555777 
0.28716904177027763 0.0442973534983154 0.2846232194428616 0.28665988337451365 0.09725050191403177 
0.20787527818999846 0.1741954852339389 0.2330601524645346 0.16600041258110781 0.21886867153042022 
0.1869662807105924 0.1386516942042682 0.23258427277434526 0.17853932262029237 0.2632584296905017 
0.1754284393269994 0.15284853514491037 0.24779990762326123 0.17670216767202526 0.24722095023280372 
0.23500841358609847 0.05510928527903128 0.31832617597316953 0.23463477385708037 0.15692135130462026 
0.1705976712156095 0.08930616133539598 0.2759331245849216 0.16533089718225624 0.2988321456818168 
0.3153702837966298 0.10676156586494324 0.18623961598685565 0.27080156546146167 0.1208269688901096 
0.17758450925443517 0.22401459754602435 0.15233553283849327 0.20900546362867087 0.2370598967323763 
0.22035282691798883 0.17330937862115975 0.1956876808230132 0.2192094147075671 0.19144069893027107 
0.2647975136781656 0.12785566008078705 0.2192367580047836 0.21793873227649743 0.17017133595976633 
0.24999999934250486 0.1709302209669765 0.1524916926085188 0.2514950263944435 0.17508306068755655 
0.2792048898448377 0.14938838039723307 0.17951070845035236 0.24969419293633463 0.14220182837124237 
0.24822170440378116 0.16730882436002223 0.17160640044451436 0.24288678845953904 0.1699762823321433 
0.17600644751270675 0.20821255424003587 0.1919484723583506 0.26892110218204696 0.15491142370685987 
0.1908780880969149 0.22447655218916499 0.16734297004051102 0.22285342125005175 0.19444896842335743 
0.19547977689573087 0.2228390188907966 0.20519429446798707 0.30709753757956754 0.06938937216591794 
0.14757088747388247 0.24092190338096214 0.20659923350692566 0.24904659678872568 0.15586137884950407 
0.20829252570979576 0.1696049671584676 0.2985634956628948 0.18233757372920253 0.14120143773963933 
0.18382860956039562 0.19782307532291984 0.16897028839514616 0.2937111280051111 0.15566689871642717 
0.2415323134315454 0.14672386259730846 0.20618251734581505 0.22496671772784405 0.18059458889748708 
0.26411889756899676 0.0942675223314607 0.302760071135483 0.2154281696634387 0.12342533930062094 
0.23979057021448685 0.050471202627252076 0.3267015801347227 0.2335078538246758 0.14952879319886253 
0.2578397092765897 0.06184669143445526 0.2506968713315407 0.2540069644319086 0.1756097635255056 
0.29179756785357064 0.06509598799382887 0.3080279230031081 0.23472948048185197 0.10034904066764037 
0.15497629938261878 0.21540283699382742 0.09597155850216713 0.15853081239599576 0.37511849272539083 
0.17891156546412257 0.19206349950019494 0.11632653873421915 0.16961451120885965 0.3430838850926037 
0.25836541964065607 0.07847201575451541 0.21542788854899994 0.2594018379967859 0.18833283805904263 
0.2112530988706325 0.16683841315951356 0.2201154200783787 0.16704451108153176 0.23474855680994353 
0.18288834576369695 0.1672329979090537 0.2126213557310608 0.17415049300659122 0.26310680758959737 
0.19622894851188816 0.13306397456145458 0.2975084243882677 0.13952861017267537 0.23367004236571426 
0.19258408394610427 0.07746478777377033 0.3043978065571455 0.19560217945561545 0.2299511422673645 
0.189857232628435 0.08118474321988912 0.2637971313802793 0.1817600692412797 0.28340082353011686 
0.30299841979658376 0.10731193874985805 0.20647028314531368 0.26262494334914266 0.12059441495910186 
0.27265000759380925 0.15128335970306275 0.1655617876747182 0.26228114990951246 0.1482236951188973 
0.27596209028174246 0.12666795578451134 0.17791530643446551 0.23341712167071865 0.18603752582856206 
0.2056745464020285 0.19606977581915114 0.21240891049775862 0.19916096559521146 0.18668580168585017 
0.17936433235222948 0.2132247222832382 0.19597507458859184 0.18862802357788325 0.22280784719805727 
0.25828104863782186 0.1689770943440426 0.175251716196062 0.23916532645058292 0.15832481437149049 
0.24158066941371187 0.17123846358487974 0.1808799599955525 0.23479087158092915 0.1715100354249268 
0.18311195171071354 0.20098039459328115 0.1951296766845642 0.27039846568467646 0.15037951132676472 
0.20475319945974 0.22951635858549377 0.1957786439558521 0.2725610754309496 0.09739072256796451 
0.1734960802826315 0.24019180674412607 0.190278996937879 0.32715778925692207 0.06887532677844135 
0.14781834123451829 0.23722172964510288 0.21513801272249544 0.25699021749580775 0.14283169890207553 
0.20582490321484231 0.17368140295036943 0.3040312540232182 0.17705558043082098 0.13940685938074918 
0.18993135176728534 0.19591622045551663 0.16810420644557986 0.2957225768859108 0.15032564444570742 
0.23176387242891494 0.15558679042919699 0.20407590217756502 0.22810961761518686 0.18046381734913636 
0.2688045590770293 0.06749496683989488 0.31732706275829714 0.22531900810718436 0.12105440321759425 
0.24668433396756603 0.11447717737079603 0.20689655623891867 0.24682396344613317 0.18511796897658622 
0.28602841302344467 0.06106224837619135 0.3142760539340484 0.22817996866918427 0.11045331599713143 
0.20306217056500664 0.18473554034661965 0.2127281152397591 0.18040519757480242 0.2190689762738122 
0.15991763458391736 0.11153054605238345 0.1417295856871608 0.15545640886823595 0.43136582480830254 
0.255966047657361 0.15167508449506564 0.21133547670897254 0.2301514375131471 0.15087195362545383 
0.2864864923123951 0.045559844909725096 0.28442728613280166 0.2803088737736147 0.10321750287146338 
0.21214374542733094 0.17298635962005154 0.2283767121882103 0.16381659495587295 0.2226765878085342 
0.17370267059899763 0.1463650696513029 0.24325632206532924 0.16596104615666257 0.27071489152770767 
0.2038988921231623 0.16490999313000398 0.24689860943274952 0.18934799775228714 0.1949445075617971 
0.2101221658224487 0.05986038049850769 0.3181500815440121 0.2160558550106265 0.1958115171244051 
0.18550662078082003 0.08787155085220347 0.2631807176749407 0.1792145870218126 0.28422652367022316 
0.3055122646830963 0.11350432500143157 0.20178545178576385 0.26271786929043917 0.11648008923926914 
0.301081182234071 0.06267180156868693 0.22081728631652264 0.25123695402317997 0.16419277585753955 
0.27526904656830653 0.12415400055725992 0.2452013758176158 0.21757461883915216 0.13780095821766553 
0.32840106415180875 0.07729681611889146 0.19589222370844894 0.27804769688519 0.12036219913566096 
0.2427184349549229 0.15424757866446023 0.23701455977173416 0.2151699058622201 0.15084952074666264 
0.3202033020867356 0.11753493599132415 0.29987294272905174 0.18953833202184267 0.07285048717104593 
0.2799190998645486 0.15080345015811988 0.22890213214378893 0.22395773965803562 0.11641757817550699 
0.3100105376982591 0.08935721591187877 0.19915700062632746 0.2617492148483896 0.13972603091514493 
0.24530830121976663 0.1577301186731618 0.25904826327222036 0.2095621080666823 0.1283512087681689 
0.19838139936021054 0.22764058779542212 0.1658020381018288 0.3326416315637221 0.0755343431788165 
0.18659163943464935 0.2412877079736835 0.18596654981186186 0.2736365151135874 0.11251758766621796 
0.195829477889814 0.21519925302625872 0.17979610453221517 0.2269694193265773 0.18220574522513477 
0.08127355990297519 0.2419354921367902 0.2295768805243511 0.24821952432159927 0.19899454311428413 
0.1822687119646959 0.2006240982764555 0.16005873872768137 0.3048825139758883 0.152165937055279 
0.2685689742569798 0.12360194973226082 0.27043304241573984 0.22784628472313856 0.10954974887188117 
0.21764184093116823 0.15277778933865735 0.25723995155729373 0.19488769682052168 0.177452721352359 
0.27242322539002173 0.09972636713084036 0.29112192217371763 0.2251444181853021 0.11158406712011815 
0.2906735734899869 0.02020725259274987 0.33834197117527925 0.27564767492321646 0.07512952781876753 
0.22793581765703905 0.12180889872183435 0.2943107131702674 0.18988572206451415 0.1660588483863451 
0.22549575577366623 0.03078375904697856 0.3595845040398929 0.21208688319839936 0.17204909794106296 
0.25914315690125667 0.151166834217956 0.24486242932574215 0.21397886357847054 0.1308487159765747 
0.27732341659691073 0.027757126542563883 0.3278810370159405 0.2711276355737579 0.095910784270827 
0.22722747936666415 0.1567944287173703 0.2512443985423966 0.20146839264136426 0.1632653007322046 
0.2585298774963119 0.040760248618395584 0.3020380201617289 0.2539500787521109 0.14472177497145267 
0.2216183052070741 0.1703415021467464 0.22284893234307365 0.17311045599143407 0.21208080431167184 
0.23800607089668827 0.18511583953095442 0.1817224478165001 0.22923005736106047 0.1659255843947967 
0.20786669612181383 0.09300737507022457 0.29404534032262536 0.21264682249775468 0.1924337659875816 
0.1756380540296042 0.08375870774997428 0.2730858434429413 0.17146171822197767 0.2960556765555027 
0.3115674074181121 0.1062286154528769 0.20629705404581014 0.26625599742269473 0.10965092566050608 
0.2974645525404213 0.06528249474901904 0.21361548732593486 0.2541425533622019 0.16949491202242298 
0.26573098978303206 0.1278362650488655 0.25742691253131883 0.2032748450889258 0.14573098754785788 
0.3030498122103123 0.0734536077017323 0.20446735153335863 0.26310138601469363 0.1559278425399032 
0.23493062583381183 0.16357700786222779 0.21977381183132602 0.2194240367414958 0.16229451773113848 
0.3112749857426902 0.1154667280025514 0.2930331882144726 0.1897923441858096 0.09043275385447617 
0.2748805730079629 0.1513734129051923 0.21775478824630687 0.23636543702960292 0.11962578881093501 
0.2839756489964799 0.09072468910573912 0.21556334505099972 0.23695372929730094 0.1727825875494804 
0.2640840697505512 0.15444991840672911 0.24572731844272433 0.24003038521498937 0.09570830818500577 
0.236403201377373 0.19633792232955552 0.18854242131609442 0.31889049864164193 0.05982595633533507 
0.17913120634568167 0.24526049143099274 0.1851022589349852 0.26645767918653007 0.12404836410181028 
0.19285844408618144 0.20282762082160846 0.22185970710596203 0.3099510513613113 0.07250317662493674 
0.14704563004917034 0.19072551154021933 0.26866117795216293 0.21211666986065741 0.18145101059779 
0.12743953989755022 0.25070891931257916 0.18615512806411733 0.24987489172122176 0.18582152100453161 
0.2634139568808223 0.16722268154401365 0.22226855721067967 0.25340561283767304 0.09368919152681138 
0.16119860160529845 0.2631233788294292 0.1509186255156408 0.3125546633466932 0.11220473070293839 
0.31483214960799877 0.10672729597621938 0.21024473981746233 0.2776514785803898 0.09054433601792966 
0.22282282681132817 0.16240240392611333 0.23591591599752437 0.19387387113016227 0.18498498213487202 
0.27595044711910555 0.09668233511990068 0.2833546968782913 0.2286771993661343 0.11533532151656825 
0.2875430826941055 0.025849334796670228 0.32422453248493355 0.2808960936017727 0.08148695642251808 
0.22411145951436404 0.12291887916000936 0.29247845619889945 0.18762545120964735 0.17286575391707984 
0.2354143387852775 0.03437383644865432 0.3461538544399894 0.2207357813886365 0.16332218893744224 
0.2628957975686428 0.1427477058987974 0.250766085077261 0.2193564924746713 0.12423391898062743 
0.2784480576199277 0.027442631834429257 0.3276555483685131 0.266855934253946 0.09959782792318396 
0.2265805840109256 0.12973564924923808 0.26519672599368366 0.1936898569302693 0.18479718381588342 
0.23629385843730302 0.06268275021600936 0.3011695926513108 0.22277046650556032 0.17708333218981664 
0.22341239954936704 0.18122199220092886 0.22789375153704677 0.17783364177020372 0.1896382149424536 
0.24905327730484975 0.18303457995271866 0.17356728275819203 0.23908103351667692 0.1552638264675626 
0.21137793939334146 0.15487350259450228 0.21471684043652395 0.21561577062237874 0.2034159469532535 
0.20252352637752546 0.0703592795959886 0.26988879720745523 0.19717706862303336 0.26005132819599736 
0.134007968372391 0.0487580473969379 0.33272003529507443 0.1208218346448427 0.363692114290754 
0.2952996907168764 0.12588059063680104 0.22219654638423392 0.23894215411777195 0.11768101814431665 
0.30507098871585625 0.05740365316254421 0.21176471650349746 0.26774847015875936 0.15801217145934268 
0.25987370043852137 0.13916059066884473 0.2617308386009346 0.19400768240902233 0.14522718788267697 
0.32915432567392905 0.07818555090426058 0.18304080054900862 0.2876681069229607 0.1219512159498411 
0.22538035036066556 0.17360537670202128 0.21004835453400858 0.2214883829463257 0.16947753545697894 
0.3238694044852279 0.12249036580453862 0.2843236623919297 0.20056783366841574 0.06874873364988814 
0.2778222513151994 0.1486188989690551 0.2214771785639672 0.2361889555069487 0.11589271564482949 
0.28970896674586 0.08921438158798467 0.21381015487727564 0.2436750869198791 0.16359140986900064 
0.26832393478870914 0.15338286997109485 0.24500257127313615 0.24128652261579137 0.0920041013512684 
0.23187003431437186 0.21214464225586863 0.1750145087716966 0.325468972027087 0.05550184263097586 
0.18700730466901483 0.24335767519550489 0.1843795490591473 0.26715327647704534 0.11810219459928764 
0.19661889974119812 0.1984564357767433 0.22436605531733622 0.3153252391112959 0.06523337005342639 
0.16880980520514038 0.1517643560264563 0.2912679414288168 0.19602273030740927 0.19213516703217717 
0.16826923743235594 0.2253605840803867 0.1951622519475983 0.2524038460041697 0.15880408053548947 
0.25795795344193917 0.1818318310587532 0.2348348413762403 0.22282282278805227 0.10255255133501513 
0.18247247284203338 0.24513125125654497 0.1469093936439197 0.32218458951912454 0.10330229273837736 
0.3037223119200942 0.1035624605753421 0.24309204199894155 0.252454885060004 0.09716830044561824 
0.22449500659428828 0.15597034601431603 0.23970851687946199 0.1982868853905328 0.18153924512140085 
0.270665915262729 0.1017508559676988 0.289035574502696 0.22144087759668107 0.11710677667019515 
0.285750648021182 0.024681934920216624 0.33206106090463655 0.2776081378439904 0.07989821830997447 
0.22309711275935556 0.13066301856085977 0.28677393411412205 0.18612347235921564 0.17334246220644708 
0.23632067816109087 0.033448463203272 0.34957279394134055 0.21487002788335524 0.1657880368109414 
0.25537413245730933 0.15728885756848673 0.24104311133128395 0.21531775144059814 0.13097614720232187 
0.2864443845129624 0.02750061076596293 0.322462881988705 0.2754928249198965 0.0880992978124731 
0.23613052995139816 0.1405594408649627 0.2555944061259382 0.20093240283460836 0.1667832202230925 
0.26011446468505245 0.06315374244834521 0.27827116665215784 0.25103611370149975 0.14742451251294472 
0.23283686855359037 0.19164532921936936 0.21445194986050892 0.18245286987282863 0.17861298249370267 
0.1883616728303365 0.1985675888603071 0.17403760412249963 0.17547001526219252 0.2635631189246643 
0.1695413490341249 0.09721677891225688 0.3294786366709133 0.1191689522106581 0.2845942831720468 
0.20750412612426297 0.15147673982782695 0.2184053771533802 0.21244770792187165 0.21016604897265823 
0.20000000126414938 0.07338281894384557 0.2721102798451755 0.1934252362198359 0.2610816637269936 
0.3261826173134908 0.04537953967681838 0.16996699179455974 0.2995049489575796 0.15896590225755156 
0.2905283972608744 0.10707876684882806 0.1627118643507527 0.2855433809253474 0.15413759061419743 
